[128343147901385685221741922949703404042077239227775827745347542009170995986654047239452951823089687712249958556183936200644705472208582079835022203131268221799056408919681889527242089426902287400148846075251351275915623201405486945817536700067696062127834624677453135212715338397105171261525443750348272936291,
 158719904942807761188028516589874683575140477374768439487259221709239974279057788491364307334287585153149466332573167580066985728415896938136514928356809179985139724015866325303515810289527450949936119834613399993388577931420950024482213275296434731341759278611443108919116767773138837330204732587699319465201,
 113488381865722099739940089443928039842920791615135617604971117218516665015551641569347934565846753197148952043741725603187773793282851929847164850187205648408369848049551612131310892936231929991492818993954559676387762423431847598330473644674084449709815761951088975518022028183026531601002840673562258093563,
 82184212827118240559060961645457608265119226442657456438171154346266109637752669331818244060157934573447301937523275521633747353389728804587693504036618915064015184773589069036582029127520295052140842544698895970553559413303169557859626098263942908816746828986494427521942408160906464983677854174987377695429,
 136077745038463427272187416734056620521834184137414865199156161872925193488827810330108685785396901953645994872663105591291466330058454235495573939128709079746638983650852350274660223953002996594349573556335491427384024001079653691716725651016601267994781180876158474136178837306088717490916057564830197013843,
 156615492704407994191860767339795453782078068323842546337035586591041515755969772525438803747262413514783094775967429804773839353783813345886986726830996099337559813513821193148594795981824740557525021267796733054912966347743438546802566165052940354781470839227182559243213955016499943842755250118621681383593,
 74711527421392049957356645168896473401043277489359389557303916290056103259226049530412104695183844283363770368071939631730294387491054155822764854968837628398600719438192971940746568608359870689994819481081861667623625708671777672940959974425301446678520981267635060463799372351008037829184826602301991352749,
 60865525406578305790912685924940342350932441989733088220267060033071422539976504415951116822783542089577980598985871011876821127044054204721140713983042309006124844197100469228439353343031717565990220776489307247829766675094122386998608281139693827183959629543122339178900864030256821410087967438939151907021,
 118391860182502184344324828706949042374565077869948573607975104919521988547478368787814128195011677966913189082457791478413642970136393255161441409763310677790957856759519196752312765174145391094039802092604387709378782709806384216561813947459894464386816458971533745766772048726059864148781916995223518454161,
 68383084866976329339625687892448604890422774135877117065343458396642658555942307514698463178351752406581325181298066192546947396297370701373370851821327539857724780617463917990587460550284924453709061411410780656190064999387072407816472232411074978651521178550245679069747725260577492880015196019341642241517,
 118831013284858499469582134221519386790698419119086881084316431923923166658732118083883711015613589413048292762333677055159741229469858226391894334464036676451754648428311373445895311197342181596567095964260178227179667288784124231162729065650817094943051885677670932988107773548523898634643455921502999864611,
 144199756991165448955432764631742218583024697790049867727228975659933444736267936685838341991853720779091959300671981522248125925881085893975085665469535933710572986393153462681939646839177314602615042017955444150756536663918191579328232152359805363772785122701099573787706806878495901022346144597336349262339,
 76699517390474260722109553868188249779121292687747035763799731435758690398139283715849757572695424422410782421390149881805361542024629874845457565731695862987706289998892671175226580726103661310549210994626474349341423388049580317261232940650574173601020516365638560656677409140044695501627906558249213762609,
 134698566590604611148672921733065804864787782816688727958179874019827098835531525288713607415935915088900021502646087406769155352630741959845797721948818550071360541290942332430915083462072838602523212810028907139194243712352688436395520330006021173233887663655266520699022387132099747820067833942827607368481,
 99946989722405344413804931998123602444193813459873631029513722934993397397913458388485002212641310818068776265205033515051151708038447450620185696345865612142286391485748375158385539076031103458842246766089510012484779372581394406002746292082293347074034601733131377951726128137743615467339469351698769607581,
 109427955748610878000983067202257104143904289554847228945336281591262380181549172063884523472135345959871923571530595312251749582126185977264636560055531402470474653162499680817248399590597604371624558391762551485951344067015709138961654022693877445578367012863478380762004480424375812995940503892452378436869,
 101080318904272750509430591327723700810799352952812380817323066251072753141027211540237970656118392601442706205632144077891140582110916319154312946851206512667477643518675228338486130600465441871587973504260094317942803505076390156200055264333041011328838461149495059603639727662919233405521149179329574171263,
 67094806986941627027043431303890631228772767079385700998908052068791550978716097625463178298830181835092367613352377706758526279033006207328656432341465915515373152156451056190097349574858921773511482849563994373490191553395436006176579575881484978619103515618008823379156228734397730633873107571791553082431,
 68747803643360557854816501351187798002310337879173095449956024139441477895115618697728026571393001211049186857239297690993988267916023311876618901913349462272405398143574214871130200070159977827345435648208982478089181584351623962495875696293890123205274324088609768757903294698495453572639678622224694308437,
 97610018761252234661414244785793060697134493929249986768893576708122986533946403157288570495219862107084796182839747613722053657264760947667912731370253234326155205626312424673426554641170202138118117751299844944997092687760964062739620568087555827061076918576388010619206900702215749904068752209838827545623,
 117605218982205235068815826053922774533264954238946269106907585096552877103140499184076844149438289733848399301281974043175403962912323123117290926976718269545023153285503454286817592733449039686739813432879654824387536764524950881477946790376971734041518886446761622172172764670837358055304534207723897759077,
 118339134899598099948253464409816223614860274631029087595959677922388013019241074561854406810526339873758479292566788348226148621842662318857757830274335360579211514647452561543814093228555026818572361235419758756301188461857738859623066154344560602405692955760598673366109969586443332473976056901772405614709,
 54887597963065428063367582459243099871284751095116181461242961865050613430407820313141371779838750167629822705747000857657520839690691793428580701900959776774952179020828602600866269658187900132494811044272682271754493450993693103382346193276375173371525012392892269475167893004772275165331860286738570582623,
 69541355432296607843708195860007598664448629347373147945533958344297965149853532128987044918463313983216357372801179856083475509012189380548549140858156657613177470584404360035288941948229549427861039040712850890004606415473029378112105335035988822340787968562859812851115963985923708330181191873386504479451,
 63609856372172295102553182405359957025941925441216984204069107845161599554365710591159828772123370609952434654517001477511815626193986411906708602243377078390619071431694881810425457655698516794123364086167279088474664705245579673027576913770520876387433068230138413442254654408937816611213011013909612796797,
 81929167999337507033294696683852770441706760116145660887229906258416765214969659501568174488191553292954281255772847019203788404976960558390085254552635377689595328618946374852756427616517815791930346300891807610156731786831709586858052209897702453270612892225634105909610237561285120104263405428133118794979,
 130623113135438043389103514820973233064190959495055655703268913948229589053873529516974940427360218900125193998477185808423457310799137119586217154354022525804162937218726496597130453789098504225675159623007612770867053374691493094886817060765884842245351865119891972900989048830953515412213948948827019814239,
 98781552300009170955990131617391919700813256922533758490281507977083725235957148538022358994194052134326247721771842345487221802392547735585733563803410632307523319827594203688761160518601578877229961402217765066929662773736629684840067633380034685254354143619946552567835663589537732419849836562797839430341,
 51275758634617805811229789127262429576812143407953624687914571310461917543773995094373028872877361949470091394953506186736363287651631431549653311509420896497054235064023521336021899921727570588438333661028266271766798309658534869945359813967758762930763401679744819157917564357343488322241709822658145206729,
 138924509176552334727080278730533471421193595394541864235232452060330210786200776232741161124582204911713808370743436707728066494203153070994894450711203121553931586156973231492254376338428671305116722927138430604388984055250870823281717149425922141512187408466248963965330054533151934400024583281902236629471,
 128294992609232372071179517058233796648709205138979675131210588596175198588704976534193311102165807571796822392509350312034617780598917150358198826358427717807446982249807492428298083511990268242921976480279637099778599012895677984546609356852677714324383896792788166132103575480381232791595346252810487012689,
 78428424505298690620932191027058285113882292805847847477647643636485436847983444830420368250005787530196717868182187258933523400939060879921751718259350200665986656776962325838961954107601322988982869411963847179750033746974471649649818921075923905082067277499030059989011968547923929159885988097735047746219,
 81153094710434471251095587399776203452413400740949968636861258555857395458489691296059739239124345730379921272457593703889601768743838692086644541409478360595118282006639989580225272982761066562260075855985426675257731921449741895196855685991186724449353356629693154005338210007950604869101457362536617273787,
 138880586966471501800415441170339295123853852230185035670868818026637639186433820399597956065361672524133844639028471280933804933231104012442765167612369044736483470704899050774333949994727495723782730907227809687287471991145299263454897358673540333548091809813381570127413826367675664251305608008380526175383,
 70813798459125997942522696545251823762185616334865461977316263552336878576294160192440603854817785948420837124139528682409927649348132721398829061325500894053190228849370599436951746222966072885290772441318174158879125989443872541568143263815430999467988349884803049143168497461212859493629039480088993552771,
 95196048149754879768028391869511816084424490066862058950914158630541742051303156594393486855904035775644739630204203246807627450815381996414917597964926801915362350061688159620012265935341159155052641324472303519814628494436866884966405616690380220575279283228463041656243016522063072238988636504533625507363,
 82967940725979394848702796278055047248198976069182308534656072482132087614104324167799826187670832616683080928524454708974345179504945087491873279963286772024369881752710474669287097174665025440989540361832813501804116181805133614784129435827243685329112473118873118686795180432773767930866878046013193726321,
 114674804425622857362643985620921501452903024332308572706277237322667425892490791533458054860400509607661618650150677547265565643005585521659002006846282240446334839904441535317642346387334867931233211814446844629616128313557953594283439235624682894183078263215782834233912476101086600576794611569571428274643,
 78432313024211340092164495147912180894175896293834160714766361679735728428533792281399808343805348177319370051998213293820370480455284576166785922396110959406825355435077352898219838238861135468818330259198704101303477471981605140936728166150396726009485332870990268522216972299388310761975589852141040130957,
 110727361588789508366499271352894801113846773523548949719721412052803512555880213321434756588959932849421082196887950625721754739301910328253805341143060616330425623781186863218806036168264132069012461239958916801084086746423360199981480032300374583347913968152421276254625785729381385477178764869445143426943,
 120493208754405062667152394922110486510793453655033293074671026364814614174571436128749386715190816084522344147844598225715751182402741088905018107651328145864086629987473412091346320331435707238697597640976859675290100413934273911013901646271114728413235053593824955440013847268483057860061858795474145446427,
 96328392594343521974308692573045762887846712563284477547636145549964067833581981925540715990420785240906892568654718422523238242234877430530592547188732569344398045296525154543858066903132772200834506679185610212919024685135447766718422360994749937963507387262712234800222371837849755840565961055235558245653,
 159287869063114241797649724962470771568698816264656254473865878238925455943046836013900142914483309323494955438785267539658449848048510941021355984777439624776990715394233243456561626806874557934953180778653094514731584006792773528340056594578501412937140528582338283418872837500688977969532924154553594790283,
 102034064763829567035139704073873551942764401758729556102789926146294449502695240804657606597992444132046107618568768005166299949532718445514101583961027234396143174596125354970987088502639928005171615577879456204058508830076393716233633755747977504925037052979058126741815021316005871115803750050999938593979,
 69085362931781723271322244029732110675159153268671502473586842339750543596203701060705295412310663684098983293176825302021751080258231769769874279987462869189972452151321296867732331901560562230270233549669480660896226716797755245471430965143864688443201328062591369511666500443471589368022930875257367855293,
 74704352379581624123047220857449756369942281555356669799736895466028784632580591573324740661998334475197571403182931544407358610941223240262099353333595054026352233777588265112938834740657851291370762390144762397185469659695589313160295028871944880828528438039230174069451585934428302316631277414853034094167,
 86249880171747114906021854966158569070583207781691831158658493759862105413233743432651177282710449352468053041444922414466360635731859983603991910567437655289144392479231229691808744649427933312886590177799957575856014698487649621729965944904134956911039782349737392135766549875844763691954942521453970238851,
 173980218680420877899577971414710738070211290025354179717035710347030976306802544460331325444386098029986328514065202188437631616470628311783266983494879285922370033937894278841360683496002577033054773591253027343531966627835451767998853305633503760028347671663089641004265644450095221789251018469458774607819,
 90909137780450245134705769768599375636070885496910010819739166802626316857614434922295576404648417828476766390903882710470721931594627836872812409528665790427109458774582802722945916512940366200396969832014583560768202139667872093071263616494424845492694904867235233851632221168666272989535774775466347932399,
 104968197320732445830666557033272665757381645314478499483202671299459074240444440692145433067263154162411260007805885428805691833419111549120885657021242103456557760782152298593309424105041007495112076135907830901713734940040567564009713300667550297358903346478327612731421650228358657688617861321870436515323,
 115688627622793074273834151684424102850521509812871220650359543385222837021857923739550643114346415442457353571367273155433233259492616768267643063079831108945168576823885408803118897898736392006497984243694697617948497227106469290509399104691283638366178968964454195286082678350121213660871092623148975601227,
 86916936099178874941276595140129275310124995175322167934451238330374870282794977117223250143017826500595967907822040190499623976523055000638768921153592851448274063285542749014353827536424300031638270267217031849189337728144587669118736189938700360908599362935180190316135873276529725869149329439459473152637,
 104927707018076177718436662856880966620443862166518166617820580427954807164853371259863829750627066010254035319891171858432652480635641621685030605016183890541570966959773678284591319077127089627106983792608166277679049258872237082970336249001077416208797892913020152013499484153078369235853396529293225113227,
 59469991826011835353747421229333657610315807334482782957399503461048543601283890628227371160520617505357394971337829448186376605425763784290302054039032272734358386515789977981102284231623820686161743232928296283319509544710431894358572077500135843072839137449234894394025106796293698606598727530329896492431,
 82095464689537780552824942860092075849773576906937928701545655842042156309575590159753528243032631039324758061169108167366565286022215942495232449844675935883368173452958369446481881153202425889417531914615044189947710924489192219870193320273684907260879044417381922073435236615379394402500047102322942754359,
 126905858030881523218377446409866025144617213209917877109978136006763665145441382017142970272335597700824332792629222636260905059464698165188537283243368265371050307343573356936694202261313830787137226452076086146887133708789189120958086704844254063634276830459347005840390174245480780780583287324345889348943,
 131900128864677443465229811533346709389213269259737615703241350136355442086993888834146910866086193353760521606913776641680510494547336592804702050012089316360035165564076233148869017723717540675253410991175852046147189432810399927262255300656193136128861887555923000152612977059186586245224919114316566018891,
 153329675830993167636725499056091450589969796282464514094596225256924241716044972131849791275556527282128478376415375007608165069034860118029564617378715477913891802647422755482576215801892683384842604587112418554618177946658600453408658611097516835017648180857165944807991653610680136893345750308998439896671,
 76851308163241090528257634147781682153675735120616256172497653008460514883412390297900211998196895898705200116391789352999115031126343041724222546400275599138634949032133325712743203116536642080199160457267695256826802618244045283976122568540153575084104254425947425991955164179853158827991301897070324723947,
 51974265278702364296084622863469588139021736211752823413706922948390058613049404432398160255566100784898511318857308289064966143275007660291030258657109241487599284110685169059100310431081138916009567086994184401542743397397513815185012905927472496833005940853828693002143300732873597974900533486511559015027,
 114417551354245644756274650894096801985953552139615541730965857976948181572856303941273788626481395279786470651268185157859801961987204700121041645846110500654644844575092998831947326640362033119691699754440035090554425239830354380333241552281364263606960384085857906294333643325724692422064514523542175338533,
 130770206590374805415232823974896365303981820599013847888747199708344000142721646505873084783356273630216563007441445778590180161694423978767881160803783390398974916870696921383744849348091948738996699067399636075905277292476259444168135321991571355958454522960589693408055407209897770392368670940060020673861,
 132418776631176231782139073753952691322334383077009674886589338241739199786043251886432201591514522058225679594172127863130455999525907519416077975435363200562280910387775872753576255772353205825522970629481334267145915124481355496316309832268832126662750299452623104500613861280949975525617465231649064524277,
 128376343970803926589840309226314306173379288272134767903378039430749900589578613815628841279817284379792118189379154699553337972652153308821311772628986345018084236688063938796544087789168009122039179390432498393504119461127214791752205875379169822178709671730341937081977953898271637767716429522544292725557,
 108860468707990205320220710187585819268732712291985577800427540900058972510742252333921388185792466542435128220216206191694052975931277245894742150593435211281765987368664219557705773698894506282338127106791254971185736544923828066499565245988260779173862427186412051451258057209707806018039295146667762987331,
 74336159600287889866317366632902222220929486080945122128005189478922875939668617172979328804166577829746640267145470693613530197216354570111059175287887631011623060813096062724630096533838294811799412463623729183085925829864262305825121886780375180428613813320347916768927099088868838735844865171757290403413,
 109514660861933449002584333310487086185266007255323510513557078176203246419715351950894592887844550511047295459573918869820249917882596523603741218071668392322602311141942252625074778199556846720818212290466467895090727095879191155990458829068696140777758093564949152061150008285661587804120925664016025608891,
 158965142175993465024529485594115816954585951682245345553958270611377844455359892290207215827166432820113610206827312974237979749297899338181281168771227743491377723551554885567488970774755554855338417753106375896441901412434488539007245307408249985541784580797163734635043368833719007349734934534252641043973,
 57152249812653640544485163908126278647521875070829961836936228188600013343489895375210463787090314106274015423347633298053810015536507732906087455847104801044454362469216562856405652179334210384266160750337315203249949081719414761905163601624231532964152989456642962520941382971039025944287622493277462138041,
 92763413867633101378455660594999756178625077934210761188269806456157500954319993013670691640615029962570015234575008510940575347550711107072700924008795832807932184277903628675914821536537469606716196301699293435633818321710197972692480862889683684353388828930157206452913075045993883291143000621745665516851,
 94498425331840570820946985389010757750412422017371811305882715400293447263387805626018663117808829272886529647226325007893598205883450422987126512147093668125919193989371989686276576916333735731635399390385101406747061569087456373680123126517852559831988991742998055206408470665594558709462349913303540280193,
 65783327415468742415427357450972040158025776230571365522897465592646199483015503448343055904693660288278417706228468352092117934901274353526019530551159661460428890923847520967369353387737419071297689960618453453818972528642411884043270247409480782299352357898637222738161086578677326305116381663177529466489,
 74075685728882854793446546359861954607071754473553618841060793110342954604159094191444772458473682072782309889091319399631221864865548545501068903141482025520078062496427917872288695227165757980487170227192125656076349921857299043056208378128734719337143240784917037376830667448834352664258216021290937411957,
 133232979445329189017478656103206712003882930741063093416932272197738312467363440515029557876350051180342529602506374451135043471317118976448348714174294050476193198058131554303588669184837455318487668158024324023895405147484661138732205540497860685708346929148472325381464084926034998622556068598330825228361,
 62452642200915647817066054753216946594951750724197742620597246080628025982816981266614340774640918360044102532369269736220469558388189102283817115349960848244561272050706719937064130604294876426666439050618976941941954100453232670301008184335493173237477882281017746341794409270389190646446523390773157814197,
 132694640114477381190451779056770185442361699291320967843316204097328246586074058635264079364953198747988700639309378604867624004385411224892624351748484309888663425718465597379451809887466663944856111242274993379178441681583609989093428938074436427769188994913750635938017857569922903899775643654611851046333,
 105440578796279575878480688749832309890703448853556682748644517765761511421586432811039453259129558947119401463878829378018463557342253170781348440359228940030451429285220160029624436057379122181798733611336214942781485103146787286839691463656379198533947426020616670001319203685784575046950968456577934414703,
 97751892460847120868816549776470907153652625669929176778930846109005776312369975873685249579970205234804778495547766425614125060030943381236625536192136401118731844680206966731977705729106436100226460891787880775109266954649951262042811109216797248511457765979727374775537050480900343554663530028552580665743,
 86246152063397771966606053995163438286703718419396584137249899600072768641141479292449663325209033208081010590124567067765261983002503829728440490941945780905786082585274581828688161099028797596584387461220661144532543659751838621683483158780422716555878687754010827520705126384970496399736508124865467014747,
 122088448106429485267249953614311163337017559003939392650044115910098519398562219348587690832301148021127720843089352038912430990512947016576333466452823038722145161997534947622424828428081618199666715210088161263545198743207437915747359898719884118689278711467945364015493300990843141145752861738628954705959,
 78607072452403168029318747421455587767530352715054764149383890783638366344354249773879961006411790920411363013983123522225375636672262833172681656679088938652243775610177545891902803459186173203113940940514389130459602451856325025854546561435486971233981592551167285075643579047744086259986329807975189052747,
 93738690583825118681433233655767379946791005617378573465295338135561958930627527772722598436030008813693842934229129711357382122286834706848261741845960403658482050035938195872826550020407167329655813650061729456975315359152781527775736249503342575998926851686480381945940844512640850034523840155089950400557,
 69743624386776327300322901812176877866045863515616405854468385580534780373224679320043144112984533037978483781786577842745330511379403209535259885143856916561418893914364678600880635904681617424849179647567660912720151311565432739082012620993393860500464489331031267440300614792230674522794718789988663956927,
 133490018330607019267338111302640982757684914294658479297056222183498017549348157515441225973002298883204794364856856426122844796369814192648788418268510605915273987109716369167372905499215164789386649904239364551969322752659105413832293184476764202761175618512493458026443140904662285801083662174585254124599,
 110144798022167859357005294225276059738702031766648452406166788676551830519981645829597258916369369357711501791384991366878798824606936832744970186870740511711963896171102327745735130500913587068883830249551113471436383464075714390913067516485736951123571049636925296810364351707319136981001545858819376719563,
 138426407027827274972769183139280111597868068826100112062641472965897817986168298434552147909110372431377821162842171607583762698375504036634475603971593325415499808906143966856261163217907149329051009951922691106072864895346389978521310605269908167713705546129748836849375539537489317626547349266183981919567,
 63429948164740163988213624277698108960035849373697800400654826951481588806338952521411604771159371133460083483353432046824944423793014317685181108621972488309848401662658610159350507815503698690713680551628622328882101852600342502242491230322978446825645595875339478328060696251698787601537001983801283172291,
 107913734838171273315434241207499936734883777147825176327652032992882023619289538121005087731814775714484290080860744318474005599868648776478335570421360859663825762052291806180819311259384128367038785551850751981938462834083908922225931074955539224164291538524840596274923427563274116617534587794060320688757,
 78649116874774202360827573179405651238186892667350368440556644127992747986359366875815269032441245095827684844691163848343403035676332008323662399344495875583767368571714836223753970323844075468612097927529726053893508430748672712773886655980332424002694370918051760750407732078583281419386875679466891003599,
 109767362494807510268732519297488803971493470618582487945335840947301147149053756376329826640002970857214507625114238105114345398912601063637124902275191492487444544230542054776942472848615172394549466285038444767059578240938466021454378663457378311827559871548670913679902117377571379622821714190288452632831,
 57022941369014085891073950509524322505483205069032256892667169793765470129308034780711288779992643081244578457215499472449662195513509985408357212474323103161421061371562916683628981397208920569210246259599280750118101508032898481514791483096708118672205195781980314496921381544497156231142637972520519799303,
 94791668907438413062033641660278746326041085467593445076745889684651919597788166097599397588189120226877788914005576733622645125418695519835715954404138276549559282343654227241828751847206253962316537728229495166165575132987240519263206972851367245173283725808370497072673813848362577507305760703069199213599,
 101796884279172456475112598710372639514182914410878937765610976536840737009431065531335537480885584681231310647737754892996666676567510179645639962660253233789334310434422601519631921724237739466024642783543386975796622542072370240726001710989435729429562970944837747513960997912029993393582703722237922155323,
 109496490986548840013787014725998616243566470861842921513698615943603074981237387598756490628540262588277463234995227085978020778389014062248111574655034136349391932578386232938242209344715613982175608912928533041415392502853568356385595381719220411644555137236622216924124736920074747755622812498654252503833,
 89837370263094913631295668397921059206803226640421148909409915559571979613867536635722451982540156020022063910275401419032933356324919400809489700145970282952179038248352489439459986774197740789114877220738739760221353757428084613064677848260705513622819122092385956005518652203436665142677688017603052649279,
 117362424234795320413300273386074311623322125083196111771682899271047331546623552768456490554460188859228922410980701092053156380813731234293673031187731262291988589247974342101925280735063250409823880477650230034679855462390650345116389567865708100135521815804723141363169243279951613555312532340249846762797,
 103874681445933457597253638012160156000866727567799417564081214730684946199374386473978247903055919928357005116516483525610748377903483098159048736699865085447329257300896573418027001401154135067248269556573525942845103562241889789745079476470162267368405130468977951370372059035471201451730503489893214100561,
 124308202379438863516285481995968767502015708323917329369175097126511623969471004764118530908840816778215781345230581157155310504622087161365682749297806439646291566895750475911694816411380383773100612951805628046336299318807627430506897973219545357866249270867436597486355156819762600360913760336939970802189,
 98513481276396440983134296744687932729225469908794143528579946039934628912172433697727153884053486271554149483210565237663539717401138839669602958310107467200799427339352178301581794757388249285884977223278237914995779280670689290352650865240548832726858398187391623869509525549457237020747056121130958204569,
 74555453680123501118279988245995268234858863558328366110519176450281592681800114644414150159692307092991827967493968121504267282783146768638719612044373653430195952571909123945785325048619212259064320187580108043240628525016067548312957103031888266757616026029760838859470025037910816687516023656649930472229]
